33.58 85.85
32.67 85.44
33.57 86.75
32.90 87.25
31.32 85.45
31.28 85.72
33.97 86.09
34.65 86.77
32.38 86.37
30.68 88.25
30.63 88.07
32.30 86.40
34.75 87.62
32.34 86.99
31.87 86.02
33.23 87.62
 
51.88 176.65
67.10 157.85
61.17 150.02
61.22 149.85
57.83 134.97
61.58 159.53
55.03 131.57
53.50 173.30
71.30 156.78
70.13 143.63
60.78 161.80
66.92 151.52
64.00 145.73
60.82 152.30
63.38 148.95
56.00 134.22
60.38 147.08
58.33 137.05
60.33 145.00
67.50 148.48
62.88 149.83
65.83 144.07
55.20 162.72
60.50 145.50
55.80 133.25
70.20 148.47
59.05 158.52
62.73 143.92
53.88 166.53
64.77 141.15
59.62 135.37
58.20 136.35
64.82 147.87
62.85 154.47
57.45 134.03
65.93 149.83
66.57 145.27
58.25 134.90
68.48 149.48
63.77 171.73
62.15 145.45
58.42 135.73
59.23 135.43
61.98 152.08
63.83 149.00
59.63 151.50
58.10 135.45
59.75 154.92
58.37 134.58
56.97 133.95
60.57 151.25
55.35 131.70
58.68 156.65
57.75 152.50
66.87 162.63
61.63 149.03
70.92 153.23
65.00 150.65
61.43 142.92
62.97 155.62
60.37 166.27
59.43 146.33
63.90 152.27
64.55 149.08
62.07 163.30
53.58 169.42
64.50 165.43
62.97 141.93
70.50 149.88
61.60 149.08
63.03 145.50
56.82 132.97
69.82 162.92
56.25 134.65
65.25 166.87
56.95 158.62
66.82 150.65
70.25 148.33
60.20 154.30
62.17 153.25
55.33 160.50
60.18 149.75
53.20 174.13
66.27 166.03
57.07 135.35
56.88 154.20
59.75 135.53
61.97 151.20
62.03 146.67
57.15 170.22
61.90 147.30
62.30 150.10
65.17 152.10
69.37 152.13
63.88 160.80
61.13 146.35
61.13 146.25
70.62 159.85
66.03 168.08
60.78 148.72
61.75 150.05
56.48 132.37
59.52 139.67
 
32.17 110.88
33.68 112.08
31.45 109.60
33.47 111.73
35.13 111.67
31.60 110.35
33.55 113.17
33.42 112.38
35.95 112.15
35.27 113.95
33.53 112.38
36.93 111.45
34.23 111.33
33.43 112.02
34.65 112.43
32.82 109.68
33.62 111.92
34.27 110.00
34.27 110.00
32.12 110.93
33.30 111.67
35.02 110.73
33.10 115.00
32.65 114.62
32.85 114.40
 
35.97 89.95
33.52 92.40
33.22 92.80
36.00 94.17
35.33 94.37
36.27 93.15
34.48 93.10
35.83 90.65
35.22 92.38
34.92 92.15
34.83 92.25
34.17 91.93
36.18 94.13
33.45 94.00
36.13 90.93
 
37.78 122.32
41.48 120.53
40.98 124.10
35.43 119.05
39.13 121.45
33.93 116.95
35.28 116.62
34.27 116.68
37.60 118.60
39.28 120.70
33.62 114.72
34.20 118.37
33.30 117.35
32.62 116.47
33.13 117.28
37.38 120.57
39.78 121.85
35.68 117.68
33.97 117.63
37.98 122.05
41.78 124.23
34.87 116.78
34.90 117.88
32.82 115.68
34.08 118.03
33.67 117.73
41.33 124.28
36.00 121.32
36.68 121.77
36.77 119.72
33.87 117.97
34.58 117.38
33.92 118.33
37.65 122.12
32.83 115.57
32.57 117.12
34.10 117.78
38.90 120.00
34.73 118.22
36.33 119.95
37.70 121.82
33.82 118.15
33.78 118.05
33.93 118.40
37.63 118.92
33.88 117.27
39.10 121.57
38.57 121.30
38.67 121.40
37.28 120.52
32.87 117.15
37.63 120.95
37.42 122.05
35.05 118.15
41.73 122.53
36.58 121.85
41.32 122.32
34.23 118.07
38.22 122.28
34.77 114.62
32.70 117.20
34.10 117.23
37.73 122.22
34.05 117.62
34.20 119.20
33.83 116.50
35.05 118.13
37.47 122.12
35.67 120.63
37.83 122.83
34.12 119.12
39.58 124.22
34.95 121.12
35.67 121.28
36.12 121.47
40.15 122.25
40.50 122.30
33.95 117.45
38.52 121.50
38.70 121.60
36.67 121.60
37.52 122.25
33.42 117.62
33.02 118.58
32.82 117.13
32.73 117.17
32.57 116.98
32.57 116.98
32.82 116.97
37.75 122.68
37.62 122.38
37.37 121.92
37.33 121.82
35.23 120.65
33.38 117.58
34.03 120.40
33.25 119.45
34.75 118.73
33.67 117.88
34.43 119.83
34.90 120.45
34.02 118.45
38.52 122.82
40.03 124.07
41.78 122.47
37.90 121.25
35.33 117.10
40.63 120.95
33.63 116.17
33.80 118.33
38.27 121.93
39.32 120.13
33.70 117.83
34.28 116.15
39.13 123.20
34.22 118.48
35.20 120.95
36.32 119.40
 
39.52 105.35
40.17 103.22
37.45 105.87
39.22 106.87
39.90 105.12
39.72 104.75
38.82 104.72
37.30 108.63
40.50 107.53
39.75 104.87
37.15 107.75
39.65 106.92
39.57 104.83
38.68 104.77
39.57 105.50
40.45 105.02
40.58 105.08
39.12 108.53
40.43 104.63
38.55 106.93
38.55 106.92
38.05 103.52
38.12 102.60
39.25 106.30
39.18 103.70
38.50 107.88
38.50 107.88
38.28 104.52
39.53 107.80
38.53 106.05
40.48 106.82
37.25 104.33
40.00 105.87
 
41.17 73.13
41.37 73.48
41.33 72.05
41.73 72.65
41.22 72.67
41.27 72.88
41.27 72.90
41.30 72.08
41.93 72.68
 
39.13 75.47
39.67 75.60
 
38.95 77.46
38.85 77.04
 
29.73 85.03
29.12 81.57
28.08 81.55
28.47 80.55
30.22 81.88
30.78 86.52
29.62 83.10
29.18 81.05
30.65 86.52
30.48 86.53
27.60 82.77
26.13 80.13
26.58 81.87
26.07 80.15
26.65 81.87
29.68 82.27
25.48 80.38
30.43 86.68
30.33 81.52
30.50 81.70
30.23 81.68
24.55 81.75
24.57 81.68
28.03 81.95
27.85 82.52
30.84 85.18
30.40 81.42
28.10 80.63
25.82 80.28
25.92 80.28
25.65 80.43
26.13 81.80
28.62 80.68
28.43 81.32
28.55 81.33
30.20 85.68
28.23 80.60
30.35 87.32
30.47 87.20
27.97 82.60
27.92 82.68
28.78 81.25
27.40 82.55
30.38 84.37
27.97 82.53
28.52 80.80
30.07 85.58
27.65 80.42
26.68 80.12
30.72 87.02
 
31.53 84.18
31.53 82.52
33.95 83.32
33.65 84.42
33.65 84.42
33.88 84.30
33.78 84.52
33.37 81.97
31.15 81.38
32.52 84.93
33.92 84.52
34.53 84.87
32.33 85.00
31.88 81.57
32.02 81.15
33.01 85.07
32.70 83.65
30.97 83.20
32.63 83.60
34.35 85.17
32.13 81.20
30.78 83.28
31.25 82.40
 
21.53 158.12
21.53 158.12
22.05 160.30
24.45 166.47
19.72 155.07
21.35 157.93
20.90 156.43
21.75 158.28
21.75 158.28
19.75 156.05
22.38 159.67
20.80 156.95
21.98 159.35
20.97 156.83
21.15 157.10
20.42 156.47
20.00 156.12
 
43.57 116.22
42.53 113.77
44.52 114.22
47.77 116.82
45.82 115.43
43.00 115.17
45.92 116.13
43.52 112.07
46.38 117.02
42.17 112.32
42.30 113.37
44.88 116.10
43.05 115.87
47.47 115.80
42.92 112.60
45.18 113.90
45.17 114.47
42.65 111.58
43.50 114.30
42.48 114.48
 
38.88 90.05
41.77 88.32
38.57 90.15
40.48 88.93
41.16 89.60
37.07 89.22
37.78 89.25
38.51 89.09
40.03 88.28
41.90 87.65
41.87 87.62
41.78 87.75
41.98 87.90
40.20 87.60
41.93 88.72
39.83 88.87
41.92 88.25
40.93 90.43
42.08 87.82
41.07 87.85
40.52 90.66
37.75 89.00
41.37 88.68
39.48 88.28
41.45 90.52
38.32 88.86
40.67 89.68
39.93 91.20
42.20 89.10
38.63 88.96
38.55 89.85
39.85 89.67
41.74 89.67
39.53 89.33
38.99 89.17
 
39.38 86.50
39.13 86.62
41.72 86.00
38.05 87.53
41.00 85.20
41.62 87.42
40.65 86.15
39.73 86.27
40.23 85.38
41.70 86.32
39.45 87.30
40.42 86.93
 
40.78 91.12
41.88 91.70
41.53 93.65
42.40 90.70
43.40 94.75
42.55 94.18
40.62 93.93
43.15 93.33
41.10 92.45
42.40 96.38
43.17 95.15
42.55 92.40
 
37.67 95.48
37.75 97.22
39.55 97.65
37.77 99.97
37.00 101.88
38.33 96.20
39.37 94.92
39.05 96.77
37.93 100.72
39.37 101.70
38.85 99.27
39.38 99.83
38.07 97.87
38.82 94.88
37.05 100.97
39.15 96.67
37.62 97.27
37.30 98.58
38.85 94.90
38.87 98.82
38.80 97.65
39.07 95.62
38.95 95.67
37.65 97.43
 
36.97 86.43
36.67 87.50
37.90 85.97
37.60 83.32
38.05 85.00
37.08 84.07
38.23 85.67
38.18 85.73
37.75 87.17
37.07 88.77
37.48 82.52
 
31.38 92.30
32.50 93.67
30.53 91.15
29.55 89.67
29.78 93.30
31.22 92.95
31.33 92.55
28.47 91.78
31.05 93.20
29.18 90.07
28.22 93.75
28.13 94.40
29.57 90.65
29.73 92.12
30.20 92.00
30.12 93.22
29.70 91.10
28.78 89.05
32.52 92.05
29.70 91.20
30.03 91.88
29.98 90.25
29.83 90.02
30.03 90.03
28.30 91.98
32.52 93.75
32.47 93.82
30.35 89.82
 
44.32 69.80
44.80 68.82
44.45 68.37
43.88 69.93
46.87 68.02
45.45 69.55
45.78 69.63
46.13 67.78
46.95 67.88
43.65 70.32
46.68 68.05
44.07 69.12
44.88 70.88
 
38.82 76.87
39.18 76.67
39.18 76.67
39.33 76.42
39.08 76.77
39.70 77.72
38.55 75.13
38.28 76.40
39.47 76.17
38.33 75.50
 
42.47 71.28
42.58 70.92
42.37 71.03
41.78 70.50
41.67 69.97
42.57 71.60
41.67 70.28
42.72 71.12
41.40 70.62
41.25 70.07
41.68 70.97
42.18 71.18
41.65 70.52
42.26 73.18
42.15 70.93
42.17 72.72
42.20 72.53
42.27 71.87
 
45.07 83.57
42.22 83.75
42.30 85.23
42.13 86.43
46.25 84.47
43.07 85.95
47.47 87.85
42.42 83.02
42.23 83.33
45.73 87.08
42.97 83.75
42.88 85.52
47.17 88.50
43.83 82.53
44.37 84.68
45.82 88.12
46.53 90.13
42.27 84.47
42.23 85.55
42.77 84.60
44.27 86.25
46.88 87.95
45.12 87.63
43.17 86.25
45.57 84.80
42.67 83.42
43.53 84.08
46.47 84.37
46.35 87.40
42.62 82.83
45.92 85.92
44.73 85.58
44.45 83.40
42.23 83.53
 
43.68 93.37
45.87 95.38
47.50 94.93
46.40 94.13
46.82 95.88
46.83 92.18
47.90 91.82
43.65 94.42
46.30 96.07
47.22 93.52
47.38 92.85
48.57 93.38
45.13 94.52
44.22 93.92
44.45 95.82
44.83 93.47
45.07 93.38
44.88 93.22
46.90 95.07
46.60 94.32
44.55 95.08
43.92 92.50
44.93 93.05
45.55 94.07
48.07 96.18
47.58 90.83
48.93 95.35
43.65 95.58
 
33.65 88.45
33.45 88.58
33.48 90.98
33.50 90.08
30.40 89.07
31.47 89.33
32.32 90.08
30.42 88.92
31.67 89.17
31.18 90.47
32.55 88.57
32.33 88.75
31.62 91.25
34.39 89.54
34.27 88.77
 
38.82 92.22
37.23 89.58
37.75 92.13
38.60 92.17
37.17 94.50
39.32 94.72
39.12 94.60
40.10 92.55
37.33 94.35
35.66 95.36
36.77 90.47
38.85 94.55
40.25 93.72
37.23 93.38
40.28 95.53
38.75 90.37
38.65 90.63
38.13 91.77
37.22 92.42
36.88 91.90
38.73 93.55
 
45.80 108.53
45.78 111.15
45.67 105.67
45.95 112.50
48.60 112.37
45.25 112.55
46.67 113.15
48.22 106.62
47.13 104.80
47.48 111.37
46.43 109.83
48.55 109.77
46.60 112.00
47.33 106.93
48.30 114.27
47.05 109.45
45.70 110.43
47.50 111.18
46.43 105.87
46.92 114.08
44.57 112.32
47.72 104.18
47.60 115.37
44.65 111.10
44.68 111.12
48.10 105.58
 
42.58 99.98
42.05 102.80
40.32 96.75
41.43 99.65
41.78 99.15
42.83 103.08
41.45 97.35
40.87 100.00
40.07 95.58
40.97 98.32
40.60 98.43
40.33 101.39
40.53 101.63
40.73 99.00
40.85 96.75
40.22 100.58
42.05 101.05
41.98 97.43
41.37 96.02
41.13 100.68
42.47 98.68
41.12 95.92
41.30 95.90
41.62 98.95
41.87 103.60
41.10 102.98
42.87 100.55
 
39.83 117.13
39.50 117.08
40.62 116.87
37.62 114.52
40.83 115.78
39.28 114.85
39.50 115.97
39.42 118.70
38.55 118.63
36.53 115.57
36.57 115.67
36.08 115.17
40.10 118.92
36.62 116.02
36.23 115.03
42.58 116.17
39.50 119.78
38.07 117.08
41.33 116.25
40.90 117.80
37.58 116.08
 
44.58 71.18
43.20 71.50
42.80 72.00
42.90 72.27
43.57 71.43
43.63 72.30
42.93 71.43
44.27 71.30
42.78 71.52
43.08 70.82
44.00 71.38
 
39.45 74.57
40.28 74.28
40.87 74.28
40.03 74.35
40.02 74.60
39.37 75.07
40.80 74.42
40.70 74.17
40.85 74.05
40.28 74.82
 
35.05 106.60
34.38 103.32
32.33 104.27
36.45 103.15
34.10 105.68
36.02 106.95
32.25 107.70
36.75 108.23
35.52 108.78
35.17 107.90
32.68 103.20
32.85 106.10
32.30 106.77
35.65 105.15
35.88 106.28
34.98 106.05
32.90 106.40
36.74 104.50
33.30 104.53
35.62 106.08
32.63 108.17
34.07 106.90
36.42 105.57
33.23 107.27
35.18 103.60
32.63 106.40
 
42.75 73.80
40.75 74.37
42.22 75.98
42.93 78.73
42.97 78.20
42.17 76.90
40.73 73.43
44.05 75.73
43.35 73.62
43.23 75.40
40.78 73.10
42.48 76.47
42.15 79.25
44.93 74.85
41.70 74.80
40.77 73.98
40.65 73.78
40.77 73.90
41.50 74.10
43.10 78.95
44.68 75.40
42.87 75.12
44.65 73.47
41.63 73.88
43.12 77.67
43.12 77.67
44.38 74.20
42.85 73.93
43.12 76.12
43.15 75.38
44.00 76.02
40.85 72.63
41.07 73.72
 
35.43 82.55
35.27 75.55
35.22 80.93
34.90 76.88
36.13 76.50
35.25 75.50
36.27 76.18
35.00 78.88
35.13 78.93
36.08 79.95
35.75 81.38
35.90 82.82
34.82 77.62
35.32 77.63
35.03 79.50
35.92 75.68
35.08 77.05
34.70 77.43
35.17 79.02
35.87 78.78
35.85 77.88
35.33 77.97
35.24 79.39
34.27 77.92
36.13 80.23
 
46.77 100.75
48.12 98.90
48.10 98.87
46.78 102.80
46.90 96.80
47.95 97.18
47.97 97.40
46.92 98.68
46.10 97.15
48.42 101.35
48.27 101.28
47.75 101.83
48.18 103.63
 
39.21 82.23
40.92 81.43
39.05 84.67
39.10 84.43
41.52 81.68
41.57 81.48
41.42 81.87
40.00 82.88
40.08 83.07
39.90 84.20
41.02 83.67
40.82 82.52
39.82 82.93
41.60 83.80
41.63 81.40
39.83 84.05
41.27 80.67
39.95 81.90
 
34.67 99.27
34.30 97.02
36.75 96.00
35.35 99.20
36.38 97.80
34.65 98.40
36.30 99.77
35.00 99.05
34.57 98.42
34.88 95.78
35.23 97.47
35.40 97.60
35.53 97.65
34.68 94.62
36.73 97.10
36.16 97.09
35.42 97.38
36.20 95.90
36.33 97.92
 
46.15 123.88
45.25 122.75
44.83 117.82
42.08 124.47
43.60 118.95
43.38 124.95
45.68 121.88
44.50 123.28
44.12 123.22
45.53 122.95
42.15 121.73
45.28 118.00
42.18 120.35
45.50 118.40
42.37 122.87
44.63 124.05
43.42 124.25
44.02 117.02
45.68 118.85
45.60 122.60
44.27 121.15
43.23 123.37
44.92 123.00
42.62 123.37
45.62 121.15
45.55 122.40
 
40.65 75.43
40.30 78.32
40.75 80.33
40.27 79.09
41.80 78.63
41.18 78.90
42.08 80.18
41.38 79.87
40.22 76.85
40.37 77.42
40.32 78.83
40.13 76.30
40.28 79.40
40.20 76.77
40.43 76.57
40.08 75.02
39.88 75.25
41.47 78.13
40.35 79.93
40.50 80.22
40.38 75.97
39.73 77.43
40.85 77.83
41.33 75.73
41.25 76.92
40.20 75.15
 
41.17 71.58
41.60 71.42
41.73 71.43
41.36 71.25
 
34.50 82.72
32.48 80.72
32.90 80.03
33.95 81.12
34.18 79.72
34.85 82.35
34.90 82.22
33.92 80.80
33.68 78.93
33.82 78.72
33.97 80.47
34.92 81.96
 
45.45 98.43
44.30 96.80
43.80 99.32
43.75 99.32
43.77 103.60
44.15 103.10
44.38 98.22
45.93 102.17
43.77 98.03
45.53 100.43
44.05 101.60
44.05 101.60
44.38 100.28
44.05 103.07
45.16 103.32
43.58 96.73
44.92 97.15
42.92 97.38
 
36.48 82.40
35.03 85.20
36.62 87.42
35.95 85.08
36.02 89.40
35.60 88.92
35.82 83.98
35.05 90.00
35.35 89.87
35.15 85.51
36.12 86.68
36.00 86.50
 
32.42 99.68
27.73 98.03
35.23 101.70
30.30 97.70
30.20 97.68
32.39 101.48
32.30 101.45
25.90 97.43
31.79 98.96
32.78 97.43
28.37 97.67
34.43 100.28
30.58 96.37
27.77 97.50
27.70 97.28
28.45 99.22
30.07 95.55
36.02 102.55
32.73 96.97
32.97 96.83
32.90 97.03
32.85 96.85
32.68 96.87
29.37 100.92
32.43 99.85
31.80 106.40
29.62 95.17
32.82 97.35
31.15 97.72
29.27 94.87
31.07 97.83
33.07 96.07
31.83 104.80
26.23 97.67
29.35 99.17
29.97 95.35
29.65 95.28
30.50 99.77
29.38 98.58
29.98 99.08
31.08 97.68
27.50 97.82
27.53 99.47
29.37 100.78
32.38 94.72
33.65 101.82
31.23 94.75
30.37 104.02
26.18 98.23
31.95 102.18
32.78 98.07
28.72 96.25
33.63 95.45
34.17 101.71
30.58 94.02
29.53 98.28
33.60 102.05
28.08 97.03
31.37 100.50
29.53 98.47
29.33 98.47
30.17 102.42
33.72 96.67
28.03 95.87
32.22 98.18
31.15 97.42
32.37 95.40
28.85 96.92
31.62 97.22
33.98 98.50
31.78 103.20
 
38.03 109.78
37.50 110.70
37.70 113.10
39.33 112.58
40.20 112.93
41.05 113.07
39.00 110.15
38.37 110.72
41.12 111.97
41.78 111.85
38.72 113.03
38.77 109.75
41.18 112.02
39.62 110.75
40.22 111.72
40.50 110.63
37.08 113.60
40.78 111.97
40.17 112.20
40.45 109.52
41.22 114.05
 
44.47 73.15
44.20 72.57
45.55 72.33
43.53 73.95
44.42 72.02
42.88 72.88
38.13 78.45
37.50 76.20
36.57 79.33
38.72 77.18
37.13 76.62
37.95 79.82
37.08 76.37
37.33 79.20
37.13 76.50
36.93 76.28
36.90 76.20
36.82 76.03
38.50 77.30
37.50 77.33
37.32 79.97
38.27 78.85
36.95 78.98
37.85 75.48
 
48.80 122.53
47.48 122.77
48.50 122.33
48.88 118.47
47.32 119.52
47.92 122.28
47.62 117.65
47.08 122.58
46.57 119.60
46.97 123.97
47.15 122.48
47.20 119.32
48.25 122.68
46.97 122.90
48.42 119.53
46.27 119.12
48.12 123.50
48.22 123.67
46.75 117.12
47.95 124.55
47.50 122.22
47.45 122.30
47.53 122.30
47.25 123.15
47.63 117.53
47.67 117.33
47.28 121.33
47.27 122.58
46.48 122.80
46.10 118.28
47.40 120.20
48.35 122.65
46.57 120.53
 
37.78 81.12
37.30 81.22
38.37 81.60
39.28 80.23
38.88 79.85
38.37 82.55
37.87 80.40
39.40 77.98
39.65 79.92
39.35 81.43
40.18 80.65
37.46 80.20
 
44.25 88.52
44.87 91.48
44.48 88.13
42.62 89.03
43.87 91.25
43.20 90.18
43.13 89.33
44.13 87.67
42.95 87.90
43.12 88.05
44.78 89.67
44.22 88.53
44.00 88.57
45.63 89.45
45.48 91.72
43.93 90.27
44.92 89.62
 
42.57 110.10
42.92 106.47
41.15 104.82
44.52 109.02
42.75 105.38
41.33 111.00
44.35 105.53
43.60 110.73
42.82 108.73
41.32 105.68
44.35 104.81
41.80 107.20
43.05 108.45
41.60 109.07
44.77 106.97
43.97 107.97
44.55 110.42
44.55 110.42
 
